11 47
z
x110
x29
x38
x47
x56
x67
x510
x410
x310
x210
z
x12
x13
x14
x15
x16
x17
x18
x19
x110
x23
x24
x25
x26
x27
x28
x29
x210
x34
x35
x36
x37
x38
x39
x310
x45
x46
x47
x48
x49
x410
x56
x57
x58
x59
x510
x67
x68
x69
x610
x78
x79
x710
x89
x810
x910
rhs
1.0 41.23 36.06 50.99 41.23 60.83 67.08 72.11 72.8 98.99 31.62 22.36 58.31 86.02 70.71 53.85 42.43 85.44 22.36 28.28 56.57 40.0 36.06 40.0 64.03 50.0 78.1 53.85 31.62 22.36 63.25 28.28 28.28 50.0 63.25 67.08 40.0 72.8 89.44 80.62 36.06 56.57 41.23 22.36 31.62 50.0 0.0 
0.0 1.0 1.0 1.0 1.0 1.0 1.0 1.0 1.0 1.0 0.0 0.0 0.0 0.0 0.0 0.0 0.0 0.0 0.0 0.0 0.0 0.0 0.0 0.0 0.0 0.0 0.0 0.0 0.0 0.0 0.0 0.0 0.0 0.0 0.0 0.0 0.0 0.0 0.0 0.0 0.0 0.0 0.0 0.0 0.0 0.0 1.0 
0.0 0.0 0.0 0.0 0.0 0.0 0.0 0.0 1.0 0.0 0.0 0.0 0.0 0.0 0.0 0.0 1.0 0.0 0.0 0.0 0.0 0.0 0.0 1.0 0.0 0.0 0.0 0.0 0.0 1.0 0.0 0.0 0.0 0.0 1.0 0.0 0.0 0.0 1.0 0.0 0.0 1.0 0.0 1.0 0.0 1.0 1.0 
0.0 0.0 0.0 0.0 0.0 0.0 0.0 1.0 0.0 0.0 0.0 0.0 0.0 0.0 0.0 1.0 0.0 0.0 0.0 0.0 0.0 0.0 1.0 0.0 0.0 0.0 0.0 0.0 1.0 0.0 0.0 0.0 0.0 1.0 0.0 0.0 0.0 1.0 0.0 0.0 1.0 0.0 0.0 1.0 1.0 0.0 1.0 
0.0 1.0 1.0 1.0 1.0 0.0 1.0 0.0 0.0 0.0 1.0 1.0 1.0 0.0 1.0 0.0 0.0 0.0 1.0 1.0 0.0 1.0 0.0 0.0 0.0 1.0 0.0 1.0 0.0 0.0 0.0 0.0 1.0 0.0 0.0 0.0 0.0 -1.0 -1.0 -1.0 0.0 0.0 0.0 -1.0 -1.0 -1.0 1.0 
0.0 1.0 1.0 1.0 1.0 1.0 0.0 0.0 0.0 0.0 1.0 1.0 1.0 1.0 0.0 0.0 0.0 0.0 1.0 1.0 1.0 0.0 0.0 0.0 0.0 1.0 1.0 0.0 0.0 0.0 0.0 1.0 0.0 0.0 0.0 0.0 0.0 0.0 0.0 0.0 -1.0 -1.0 -1.0 -1.0 -1.0 -1.0 1.0 
0.0 -1.0 -1.0 -1.0 -1.0 0.0 0.0 0.0 0.0 0.0 -1.0 -1.0 -1.0 0.0 0.0 0.0 0.0 0.0 -1.0 -1.0 0.0 0.0 0.0 0.0 0.0 -1.0 0.0 0.0 0.0 0.0 0.0 0.0 0.0 0.0 0.0 0.0 1.0 1.0 1.0 1.0 1.0 1.0 1.0 1.0 1.0 1.0 0.0 
0.0 -1.0 -1.0 -1.0 0.0 -1.0 0.0 0.0 0.0 0.0 -1.0 -1.0 0.0 -1.0 0.0 0.0 0.0 0.0 -1.0 0.0 -1.0 0.0 0.0 0.0 0.0 0.0 -1.0 0.0 0.0 0.0 0.0 0.0 1.0 1.0 1.0 1.0 0.0 0.0 0.0 0.0 1.0 1.0 1.0 1.0 1.0 1.0 0.0 
0.0 -1.0 -1.0 0.0 -1.0 0.0 -1.0 0.0 0.0 0.0 -1.0 0.0 -1.0 0.0 -1.0 0.0 0.0 0.0 0.0 -1.0 0.0 -1.0 0.0 0.0 0.0 0.0 1.0 0.0 1.0 1.0 1.0 0.0 -1.0 0.0 0.0 0.0 0.0 1.0 1.0 1.0 0.0 0.0 0.0 1.0 1.0 1.0 0.0 
0.0 0.0 1.0 0.0 0.0 0.0 0.0 -1.0 0.0 0.0 1.0 0.0 0.0 0.0 0.0 -1.0 0.0 0.0 1.0 1.0 1.0 1.0 0.0 1.0 1.0 0.0 0.0 0.0 -1.0 0.0 0.0 0.0 0.0 -1.0 0.0 0.0 0.0 -1.0 0.0 0.0 -1.0 0.0 0.0 -1.0 -1.0 0.0 0.0 
0.0 1.0 0.0 0.0 0.0 0.0 0.0 0.0 -1.0 0.0 1.0 1.0 1.0 1.0 1.0 1.0 0.0 1.0 0.0 0.0 0.0 0.0 0.0 -1.0 0.0 0.0 0.0 0.0 0.0 -1.0 0.0 0.0 0.0 0.0 -1.0 0.0 0.0 0.0 -1.0 0.0 0.0 -1.0 0.0 -1.0 0.0 -1.0 0.0 
